0
0
0.0001
0.0001
0.0004
0.0003
0.0006
0.0013
0.0013
0.0009
0.0012
0.0024
0.0027
0.0027
0.0037
0.0033
0.0037
0.0049
0.0045
0.0056
0.0067
0.0069
0.008
0.0081
0.0086
0.0092
0.0092
0.0096
0.0095
0.0123
0.0115
0.0144
0.014
0.0124
0.0166
0.0138
0.0144
0.0202
0.0181
0.0178
0.0182
0.0199
0.0198
0.0223
0.0233
0.024
0.0228
0.025
0.026
0.0263
0.026
0.0259
0.0254
0.0268
0.0224
0.022
0.0175
0.0195
0.0182
0.0165
0.0178
0.016
0.0174
0.015
0.0168
0.015
0.0122
0.012
0.0123
0.0109
0.0103
0.0106
0.0096
0.0124
0.0085
0.009
0.0078
0.005
0.0072
0.0044
0.0055
0.0042
0.0036
0.0032
0.0038
0.0033
0.0025
0.002
0.0016
0.0011
0.0008
0.0013
0.0014
0.0007
0.0004
0.0004
0.0002
0
0.0001
0
